65
1 1 3771679948420674
2 3 5
9 9 2395440648063235
48878 70096 1422160026469748
26597 37816 4245730305851899
6396320710057362 7814230344468181 3183274048075890
10 10 4042027009034951
9706554173387903 5097740681849255 2095245244912381
1 3 100
19749 37179 1140508669256069
1000000000000 1 1000000000000
13973 26419 3513626523439425
1 1 1000000000000
5 1 100
25878 28689 9188723367817961
9 17 7379218941168776
3 5 840843200459482
314 512 133769420
9 10 9259928947805118
5089 7407 1785197717173513
10 17 370045965243845
9966606336937688 9740005473217677 583445907010364
60280 106158 382504020903546
4 4 1760792368134037
1 1000000000000 1
6 6 3465509398779757
19716 29416 841088842498107
10 13 8839845532190096
8025714536856354 9903000027803061 904922510325972
259149987802241 6689368820300403 3534721002568495
5 9 9152845331581750
63664 95087 9775891537969006
7 7 6977204123379581
64922 110795 4504704366599950
4 7 6988873275022466
725831654114702 4541733210835335 2742887072719959
4 4 4198590241362000
1 1 6044898352400565
2 3 9429605562755370
74036 112850 549053549625598
6 9 497087563
74116 111994 1493371909130523
9334 14595 5458585253152592
7 12 6439637337963783
1000000000000 1 1
10 13 3337041873753082
7861 11257 5477539912208008
2 3 1
2 2 9825445613196928
4 6 2271224666368145
9545048558841825 6899255672076999 9272818149758853
2 2 1081292147434158
2 2 5384712727499747
5 8 550103143310362
5 7 4495587747091262
10 13 11234567890
1 1 7851116204037232
2 3 2
314 512 1024
8272 10247 5338458442301888
1 1000000000000 1000000000000
80006 121046 2203488461171151
4 6 7754441745231444
6 9 2903294259185990
650920191250544 3690753017565881 4021727189586015
