500
100 351514573 1 3
3 999999999 1 2
100 4 2 1
3 999999999 2 478452455
880984255 1000000000 1 3
999999999 1000000000 2 999999999
4 1000000000 2 999999999
2 4 1 2
1000000000 100 3 99
189832940 1000000000 2 3
4 100 3 3
1000000000 999999999 3 1
999999999 4 2 1
4 625855660 3 1
2 999999999 1 2
3 348674172 2 208198940
427727826 1000000000 3 1
270079655 4 13920983 1
100 4 3 1
100 4 1 2
999999999 999999999 999999998 3
1000000000 100 1 99
100 100 99 1
4 911940777 2 39960172
1000000000 100 2 27
1000000000 999999999 2 756841576
900930753 3 3 1
671771882 1000000000 458242975 1
999999999 999999999 2 1
100 1000000000 99 2
3 100 2 3
1000000000 4 1 3
4 308024713 3 2
100 1000000000 1 2
3 100 1 99
3 999999999 1 3
2 100 1 3
4 100 2 2
999999999 234259462 1 104118482
1000000000 100 2 99
2 736436882 1 1
804684832 197217720 1 153175513
999999999 999999999 1 3
999999999 1000000000 3 2
999999999 1000000000 2 2
999999999 1000000000 141127510 2
1000000000 1000000000 999999999 1
4 1000000000 1 809590669
100 3 1 1
999999999 4 3 2
4 1000000000 1 3
100 4 3 2
1000000000 2 1 1
100 999999999 99 1
999999999 4 999999998 3
201238540 100 49757290 14
4 4 3 1
3 1000000000 1 3
999999999 100 2 99
1000000000 3 999999999 1
2 4 1 3
999999999 2 2 1
3 387806766 2 3
100 397986566 65 2
100 4 2 2
999999999 100 999999998 3
1000000000 100 1 1
100 1000000000 2 3
999999999 1000000000 2 724564983
543383962 764857696 2 41522173
3 999999999 1 1
100 999999999 1 2
4 249842301 1 1
100 380837481 37 96807255
3 1000000000 1 1
999999999 1000000000 3 999999999
100 999999999 2 3
4 783105139 2 2
100 4 1 3
999999999 4 999999998 2
999999999 999999999 999999998 999999998
4 4 3 3
1000000000 999999999 1 1
1000000000 4 1 1
713458743 999999999 1 232415301
3 999999999 2 2
999999999 3 3 2
1000000000 4 998306795 2
100 4 3 3
999999999 4 2 2
999999999 4 627313199 3
1000000000 3 2 2
4 100 1 1
999999999 999999999 1 2
4 3 1 1
249097053 100 3 2
4 100 2 31
999999999 4 90975763 3
999999999 306100163 2 1
100 1000000000 1 3
4 773392332 2 3
1000000000 748176992 2 3
4 345870621 1 11170728
100 999999999 1 1
999999999 1000000000 2 1
999999999 4 3 3
2 1000000000 1 999999999
1000000000 100 999999999 1
515006471 3 3 2
826551905 100 1 49
4 4 1 1
999999999 1000000000 2 3
3 999999999 2 3
1000000000 4 3 1
2 1000000000 1 2
1000000000 4 2 3
100 1000000000 3 2
100 999999999 2 1
999999999 100 2 11
1000000000 100 2 3
1000000000 999999999 3 999999998
843094006 3 3 1
100 999999999 1 999999998
999999999 3 768481208 2
1000000000 100 2 2
999999999 396025382 2 2
160776118 100 1 1
100 999999999 3 999999998
109588419 516866303 95880941 3
4 3 2 1
100 100 1 1
2 4 1 1
1000000000 527180352 2 1
3 4 1 1
3 4 2 2
999999999 100 3 2
1000000000 84082569 375561153 2
1000000000 4 3 2
100 100 1 3
2 999999999 1 3
4 100 1 99
100 2 3 1
4 999999999 1 999999998
2 999999999 1 235322552
499812538 999999999 1 1
4 1000000000 3 999999999
1000000000 1000000000 999999999 999999999
1000000000 100 2 1
999999999 999999999 1 1
1000000000 1000000000 711006329 2
999999999 3 3 1
3 2 2 1
3 1000000000 1 197472206
999999999 1000000000 534911742 345724526
1000000000 1000000000 999999999 3
999999999 1000000000 488516079 1
100 100 3 99
4 100 2 1
1000000000 999999999 999999999 3
4 999999999 2 3
999999999 100 1 99
4 100 3 2
100 1000000000 3 999999999
1000000000 4 999999999 2
2 590064564 1 410727603
100 999999999 2 999999998
100 2 2 1
100 999999999 1 4861357
1000000000 3 1 2
100 3 2 2
1000000000 100 999999999 99
100 3 3 1
4 100 3 1
699118378 100 371255050 53
1000000000 3 3 2
100 100 3 2
3 750409238 1 2
3 999999999 2 999999998
100 4 99 3
999999999 100 3 99
1000000000 1000000000 2 999999999
365482087 971250614 97597 28576180
999999999 100 1 3
999999999 100 999999998 2
914040527 100 1 2
2 999999999 1 999999998
100 4 99 1
3 982500203 1 839934728
1000000000 999999999 2 999999998
100 100 70 2
100 100 2 2
999999999 999999999 2 3
1000000000 1000000000 1 999999999
100 1000000000 3 1
372315310 428364244 1 1
3 1000000000 2 3
1000000000 2 3 1
999999999 4 3 1
4 999999999 3 3
1000000000 999999999 1 2
3 100 2 2
999999999 3 618585901 2
2 100 1 1
999999999 999999999 1 999999998
1000000000 999999999 1 3
100 1000000000 2 2
999999999 999999999 3 999999998
100 100 99 2
4 100 2 99
3 4 2 3
406955220 100 2 1
1000000000 1000000000 2 2
4 4 2 2
4 1000000000 2 3
2 1000000000 1 1
3 100 2 1
702326696 999999999 3 1
100 100 3 1
1000000000 999999999 2 1
100 3 3 2
999999999 999999999 3 3
100 4 99 2
1000000000 3 1 1
999999999 489345280 108542079 3
1000000000 2 2 1
999999999 100 999999998 99
1000000000 4 2 1
999999999 1000000000 1 3
100 999999999 3 607160337
621335426 20082604 2 3
1000000000 1000000000 301408972 2
999999999 999999999 2 2
2 1000000000 1 621800414
4 999999999 3 2
100 916630865 1 2
100 4 84 3
4 100 2 71
697757447 999999999 3 614333645
1000000000 999999999 3 3
999999999 999999999 470395372 2
100 999999999 99 3
2 1000000000 1 3
163708539 999999999 3 3
992439437 2 2 1
57695794 1000000000 17394064 1
1000000000 3 198570665 2
268284003 3 3 1
4 314723735 2 2
1000000000 999999999 999999999 1
1000000000 2 999999999 1
100 1000000000 1 1
474573491 100 2 2
452792670 1000000000 2 115192647
1000000000 100 99694839 3
3 4 2 1
1000000000 999999999 3 2
1000000000 743670139 3 3
4 3 2 2
4 3 1 2
1000000000 1000000000 1 3
404696558 1000000000 344580310 355699065
4 2 2 1
999999999 999999999 3 1
1000000000 100 1 3
999999999 1000000000 1 1
207868204 1000000000 2 225202610
3 999999999 1 999999998
1000000000 100 999999999 2
1000000000 999999999 999999999 999999998
999999999 1000000000 3 1
2 100 1 99
4 4 3 2
1000000000 4 2 2
1000000000 2 592728920 1
1000000000 3 3 1
999999999 100 999999998 1
4 100 3 56
4 100 2 3
1000000000 1000000000 3 1
100 1000000000 2 999999999
779009402 100 3 3
999999999 3 2 2
820459816 1000000000 228363612 2
271589777 216429783 1 1
100 999999999 72 3
4 1000000000 1 1
999999999 4 618409559 1
377279890 1000000000 2 469488179
1000000000 100 3 1
251333014 100 1 2
999999999 2 3 1
999999999 2 1 1
3 131597407 2 130390896
501599341 999999999 2 3
100 3 1 2
1000000000 100 1 2
4 100 1 3
4 413460114 3 2
1000000000 1000000000 2 1
100 100 2 80
999999999 100 1 1
999999999 1000000000 3 233117279
606735969 100 574575067 9
3 190048202 1 3
4 292678792 1 2
100 100 1 2
3 1000000000 2 999999999
3 4 1 2
999999999 999999999 2 999999998
1000000000 4 999999999 1
4 1000000000 1 2
100 1000000000 2 1
4 999999999 2 2
4 1000000000 2 1
1000000000 3 2 1
100 999999999 2 2
100 4 2 3
159636198 2 132750702 1
755742919 1000000000 2 2
100 100 2 3
407111787 999999999 158724311 2
400638252 4 3 2
999999999 4 2 3
100 3 2 1
135818523 100 127108945 1
1000000000 100 3 3
100 999999999 2 217038469
4 1000000000 3 2
598618548 1000000000 1 2
1000000000 723284552 647366837 1
1000000000 1000000000 1 2
4 4 2 3
1000000000 1000000000 990110168 2
1000000000 4 1 2
4 3 3 2
100 999999999 99 2
3 1000000000 1 999999999
1000000000 1000000000 1 1
999999999 153855548 3 2
100 1000000000 3 3
100 100 99 99
100 999999999 1 913663288
3 402700402 2 1
569981406 4 2 2
999999999 4 1 2
4 999999999 3 1
1000000000 1000000000 999999999 2
3 100 1 1
999999999 100 3 3
3 3 2 1
3 2 1 1
4 100 1 2
100 2 1 1
3 100 2 99
1000000000 1000000000 3 2
1000000000 916764387 127932786 3
3 100 1 64
351511977 1000000000 3 1
1000000000 100 3 2
1000000000 999999999 2 3
999999999 100 1 92
1000000000 3 999999999 2
4 2 1 1
999999999 100 2 3
1000000000 760355100 2 1
1000000000 4 3 3
100 492122489 3 2
1000000000 4 606716047 3
1000000000 999999999 2 2
999999999 4 1 1
2 3 1 2
2 3 1 1
1000000000 999999999 1 999999998
3 100 1 2
999999999 3 999999998 2
803061495 4 3 3
3 525092475 2 3
4 100 3 99
4 999999999 1 2
377173489 999999999 3 1
100 3 99 2
100 100 2 1
4 999999999 1 344277279
999999999 1000000000 999999998 3
999999999 999999999 999999998 2
1000000000 999999999 999999999 2
999999999 734992451 64730372 1
999999999 2 999999998 1
4 999999999 3 999999998
4 999999999 1 3
100 100 2 99
1000000000 1000000000 432922762 516684653
205684158 100 1 3
100 999999999 5 3
4 999999999 2 1
998645846 2 2 1
4 4 1 2
999999999 100 1 2
100 1000000000 99 3
999999999 553819129 274277625 13275303
3 999999999 2 1
999999999 1000000000 999999998 2
999999999 999999999 3 361042743
977912389 734778827 532290378 1
999999999 1000000000 999999998 1
100 2 22 1
999999999 3 2 1
66434218 3 2 2
3 3 2 2
999999999 100 3 1
100 2 9 1
4 2 3 1
100 616551719 3 3
588778144 302958057 3 3
1000000000 293794518 859896680 2
100 999999999 3 3
100 3 98 2
4 999999999 2 999999998
874810763 1000000000 1 903855415
4 1000000000 1 999999999
999999999 4 999999998 1
269564282 100 1 3
312920545 1000000000 309279031 2
100 1000000000 99 999999999
2 100 1 2
100 999999999 1 3
1000000000 4 999999999 3
1000000000 100 999999999 3
100 999999999 3 1
999999999 1000000000 38408940 1
946260157 2 1 1
100 1000000000 99 1
2 999999999 1 1
1000000000 1000000000 3 3
100 100 99 3
999999999 3 1 2
100 3 99 1
632902334 4 3 3
4 3 3 1
999999999 4 1 3
4 999999999 1 1
4 4 1 3
4 4 2 1
3 1000000000 2 1
999999999 878891013 1 3
630783940 100 3 2
4 1000000000 3 3
586838884 999999999 2 2
999999999 1000000000 3 3
1000000000 1000000000 3 999999999
216458893 858261817 2 730048733
100 2 99 1
4 999999999 2 471976874
4 1000000000 3 1
1000000000 889034323 2 585497466
100 4 1 1
999999999 3 132294377 2
4 1000000000 2 812085677
3 1000000000 2 2
999999999 100 2 1
999999999 1000000000 1 999999999
100 999999999 3 2
999999999 999999999 3 2
804494411 2 1 1
100 1000000000 1 999999999
999999999 1000000000 1 2
3 100 1 3
3 637320062 1 460765579
100 100 3 48
100 999999999 99 999999998
4 142306207 2 3
999999999 100 2 2
999999999 3 999999998 1
588175668 2 2 1
1000000000 1000000000 2 3
3 1000000000 1 2
945684593 999999999 725490874 3
4 21218471 2 2
19089712 3 3 1
1000000000 999999999 313743023 2
100 100 3 3
163592637 549432548 2 110629430
3 3 1 2
999999999 999999999 999999998 1
704993648 595827515 1 3
2 2 1 1
1000000000 100 450060632 3
475576299 79599546 62711377 1
3 3 1 1
999999999 3 1 1
999999999 1000000000 999999998 999999999
1000000000 999999999 90055928 1
4 1000000000 2 2
100 100 1 99
4 1000000000 2 374349453
3 1000000000 1 859457977
1000000000 1000000000 1 4469475
3 999999999 2 217585714
1000000000 999999999 2 47219043
3 4 1 3
